 0.000250000000000
 0.000300000000000
 0.001000000000000
 0.003000000000000
 0.008000000000000
 0.025000000000000
 0.073736155182431
 0.195346683543147
 0.319590676638652
 0.401632302110415
 0.461458466472003
 0.505348900036588
 0.537152848949769
 0.560110838917855
 0.577599693267436
 0.589888937223690
 0.598734564275230
 0.605352051597109
 0.610416277077430
 0.613792464274706
 0.616560954371150
 0.618046316322732
 0.619734520552555
 0.620747432027331
 0.621674433040000
 0.622166669989949
 0.622452988917109
 0.622706488354029
 0.622929360980789
 0.623123799477469
 0.623291996524149
 0.623436144800909
 0.623558436987829
 0.623661065764989
 0.623746223812469
 0.623816103810349
 0.623872898438709
 0.623918800377629
 0.623956002307189
 0.623986696907469
 0.624013076858549
 0.624037334840509
 0.624061663533429
 0.624088255617389
 0.624088255617389
 0.624088255617389
 0.624088255617389
 0.624088255617389
 0.624088255617389
 0.624088255617389
 0.624088255617389
 0.624088255617389
 0.624088255617389
 0.624088255617389
 0.624088255617389
 0.624088255617389
 0.624088255617389
 0.624088255617389
 0.624088255617389
 0.624088255617389
 0.624088255617389
 0.624088255617389
 0.624088255617389
 0.624088255617389
 0.624088255617389
 0.624088255617389
 0.624088255617389
 0.624088255617389
 0.624088255617389
 0.624088255617389
 0.624088255617389
 0.624088255617389
 0.624088255617389
 0.624088255617389
 0.624088255617389
 0.624088255617389
 0.624088255617389
 0.624088255617389
 0.624088255617389
 0.624088255617389
 0.624088255617389
 0.624088255617389
 0.624088255617389
 0.624088255617389
 0.624088255617389
 0.624088255617389
 0.624088255617389
 0.624088255617389
 0.624088255617389
 0.624088255617389
 0.624088255617389
 0.624088255617389
 0.624088255617389
 0.624088255617389
 0.624088255617389
 0.624088255617389
 0.624088255617389
 0.624088255617389
 0.624088255617389
 0.624088255617389
 0.624088255617389
 0.624088255617389
 0.624088255617389
 0.624088255617389
 0.624088255617389
 0.624088255617389
 0.624088255617389
 0.624088255617389
 0.624088255617389
 0.624088255617389
 0.624088255617389
 0.624088255617389
 0.624088255617389
 0.624088255617389
 0.624088255617389
 0.624088255617389
 0.624088255617389
 0.624088255617389
 0.624088255617389
 0.624088255617389
 0.624088255617389
 0.624088255617389
 0.624088255617389
 0.624088255617389
 0.624088255617389
 0.624088255617389
 0.624088255617389
 0.624088255617389
 0.624088255617389
 0.624088255617389
 0.624088255617389
 0.624088255617389
 0.624088255617389
 0.624088255617389
 0.624088255617389
 0.624088255617389
 0.624088255617389
 0.624088255617389
 0.624088255617389
 0.624088255617389
 0.624088255617389
 0.624088255617389
 0.624088255617389
 0.624088255617389
 0.624088255617389
 0.624088255617389
 0.624088255617389
 0.624088255617389
 0.624088255617389
 0.624088255617389
 0.645191032867166
 0.723518741790740
 0.851949295515816
 1.003742998267330
 1.145678383754900
 1.239266558378220
 1.309018690973560
 1.358783834081950
 1.394909064750600
 1.421378405566590
 1.440690295903080
 1.454802714135210
 1.464796195049800
 1.472493968238300
 1.47803097608898
 1.48174480966378
 1.48458078478325
 1.48674163309446
 1.48836210338108
 1.48977688683096
 1.49052295123503
 1.49113509922592
 1.49163162379194
 1.49202951133794
 1.49234444168554
 1.49259078807288
 1.49278161715484
 1.49292868900296
 1.49304245710545
 1.49313206836721
 1.49320536310959
 1.49326887507087
 1.49332783140591
 1.49338615268602
 1.49344645289944
 1.49351003945106
 1.49357691316212
 1.49362654439651
 1.49362654439651
 1.4936265443965
 1.4936265443965
 1.4936265443965
 1.4936265443965
 1.4936265443965
 1.4936265443965
 1.4936265443965
 1.4936265443965
 1.4936265443965
 1.4936265443965
 1.4936265443965
 1.4936265443965
 1.4936265443965
 1.4936265443965
 1.4936265443965
 1.4936265443965
 1.4936265443965
 1.4936265443965
 1.4936265443965
 1.4936265443965
 1.4936265443965
 1.4936265443965
 1.4936265443965
 1.4936265443965
 1.4936265443965
 1.4936265443965
 1.4936265443965
 1.4936265443965
 1.4936265443965
 1.4936265443965
 1.4936265443965
 1.4936265443965
 1.4936265443965
 1.4936265443965
 1.4936265443965
 1.4936265443965
 1.4936265443965
 1.4936265443965
 1.4936265443965
 1.4936265443965
 1.4936265443965
 1.4936265443965
 1.4936265443965
 1.4936265443965
 1.4936265443965
 1.4936265443965
 1.4936265443965
 1.4936265443965
 1.4936265443965
 1.4936265443965
 1.4936265443965
 1.4936265443965
 1.4936265443965
 1.4936265443965
 1.4936265443965
 1.4936265443965
 1.4936265443965
 1.4936265443965
 1.4936265443965
 1.4936265443965
 1.4936265443965
 1.4936265443965
 1.4936265443965
 1.4936265443965
 1.4936265443965
 1.4936265443965
 1.4936265443965
 1.4936265443965
 1.4936265443965
 1.4936265443965
 1.4936265443965
 1.4936265443965
 1.4936265443965
 1.4936265443965
 1.4936265443965
 1.4936265443965
 1.4936265443965
 1.4936265443965
 1.4936265443965
 1.4936265443965
 1.4936265443965
 1.4936265443965
 1.4936265443965
 1.4936265443965
 1.4936265443965
 1.4936265443965
 1.4936265443965
 1.4936265443965
 1.4936265443965
 1.4936265443965
 1.4936265443965
 1.4936265443965
 1.4936265443965
 1.4936265443965
 1.4936265443965
 1.4936265443965
 1.4936265443965
 1.4936265443965
 1.4936265443965
 1.4936265443965
 1.4936265443965
 1.4936265443965
 1.4936265443965
 1.4936265443965
 1.4936265443965
 1.4936265443965
 1.4936265443965
 1.4936265443965
 1.4936265443965
 1.4936265443965
 1.4936265443965
 1.50011127354852
 1.57128158730817
 1.69640330057002
 1.83806849704530
 1.98749903470550
 2.11552426342544
 2.18237296353608
 2.23065249577271
 2.26650778634923
 2.29250448308385
 2.31181623513135
 2.32579387692200
 2.33592227256705
 2.34328242703582
 2.34854930118981
 2.35266826616517
 2.35577448561252
 2.35793511266136
 2.35955566592137
 2.36120981997611
 2.36197404941787
 2.36257430895113
 2.36303750108492
 2.36338815511100
 2.36364842710110
 2.36383809991331
 2.36397458318389
 2.36407291333272
 2.36414575355967
 2.36420339384914
 2.36425375096552
 2.36430236845727
 2.36435241665377
 2.36440469266437
 2.36445762038476
 2.36450725048563
 2.36454726043085
 2.36456895445382
 2.36457851375275
 2.36458713883995
 2.36458713883995
 2.36458713883995
 2.36458713883995
 2.36458713883995
 2.36458713883995
 2.36458713883995
 2.36458713883995
 2.36458713883995
 2.36458713883995
 2.36458713883995
 2.36458713883995
 2.36458713883995
 2.36458713883995
 2.36458713883995
 2.36458713883995
 2.36458713883995
 2.36458713883995
 2.36458713883995
 2.36458713883995
 2.36458713883995
 2.36458713883995
 2.36458713883995
 2.36458713883995
 2.36458713883995
 2.36458713883995
 2.36458713883995
 2.36458713883995
 2.36458713883995
 2.36458713883995
 2.36458713883995
 2.36458713883995
 2.36458713883995
 2.36458713883995
 2.36458713883995
 2.36458713883995
 2.36458713883995
 2.36458713883995
 2.36458713883995
 2.36458713883995
 2.36458713883995
 2.36458713883995
 2.36458713883995
 2.36458713883995
 2.36458713883995
 2.36458713883995
 2.36458713883995
 2.36458713883995
 2.36458713883995
 2.36458713883995
 2.36458713883995
 2.36458713883995
 2.36458713883995
 2.36458713883995
 2.36458713883995
 2.36458713883995
 2.36458713883995
 2.36458713883995
 2.36458713883995
 2.36458713883995
 2.36458713883995
 2.36458713883995
 2.36458713883995
 2.36458713883995
 2.36458713883995
 2.36458713883995
 2.36458713883995
 2.36458713883995
 2.36458713883995
 2.36458713883995
 2.36458713883995
 2.36458713883995
 2.36458713883995
 2.36458713883995
 2.36458713883995
 2.36458713883995
 2.36458713883995
 2.36458713883995
 2.36458713883995
 2.36458713883995
 2.36458713883995
 2.36458713883995
 2.36458713883995
 2.36458713883995
 2.36458713883995
 2.36458713883995
 2.36458713883995
 2.36458713883995
 2.36458713883995
 2.36458713883995
 2.36458713883995
 2.36458713883995
 2.36458713883995
 2.36458713883995
 2.36458713883995
 2.36458713883995
 2.36458713883995
 2.36458713883995
 2.36458713883995
 2.36458713883995
 2.36458713883995
 2.36458713883995
 2.36458713883995
 2.36458713883995
 2.36458713883995
 2.36458713883995
 2.36458713883995
 2.36458713883995
 2.36458713883995
 2.36458713883995
 2.36458713883995
 2.37164259309751
 2.42127262787086
 2.56482842832946
 2.728911540984
 2.87348033589077
 2.9720651403402
 3.04262761871004
 3.09718704720662
 3.13270463609003
 3.16092963850108
 3.18125421904997
 3.19563696458338
 3.20623817025659
 3.21393599876068
 3.21940541095715
 3.22379434368242
 3.22717039259072
 3.22892610950137
 3.23047926071174
 3.23176225056762
 3.2325044259259
 3.23286011117085
 3.23319250659464
 3.23350161219727
 3.23378742797875
 3.23404995393907
 3.23428919007824
 3.23450513639625
 3.2346977928931
 3.2348671595688
 3.23501323642334
 3.23513602345673
 3.23523552066896
 3.23531172806003
 3.23536464562995
 3.235413264665
 3.23545992416917
 3.23549170840352
 3.23551983703202
 3.23551983703202
 3.23551983703202
 3.23551983703202
 3.23551983703202
 3.23551983703202
 3.23551983703202
 3.23551983703202
 3.23551983703202
 3.23551983703202
 3.23551983703202
 3.23551983703202
 3.23551983703202
 3.23551983703202
 3.23551983703202
 3.23551983703202
 3.23551983703202
 3.23551983703202
 3.23551983703202
 3.23551983703202
 3.23551983703202
 3.23551983703202
 3.23551983703202
 3.23551983703202
 3.23551983703202
 3.23551983703202
 3.23551983703202
 3.23551983703202
 3.23551983703202
 3.23551983703202
 3.23551983703202
 3.23551983703202
 3.23551983703202
 3.23551983703202
 3.23551983703202
 3.23551983703202
 3.23551983703202
 3.23551983703202
 3.23551983703202
 3.23551983703202
 3.23551983703202
 3.23551983703202
 3.23551983703202
 3.23551983703202
 3.23551983703202
 3.23551983703202
 3.23551983703202
 3.23551983703202
 3.23551983703202
 3.23551983703202
 3.23551983703202
 3.23551983703202
 3.23551983703202
 3.23551983703202
 3.23551983703202
 3.23551983703202
 3.23551983703202
 3.23551983703202
 3.23551983703202
 3.23551983703202
 3.23551983703202
 3.23551983703202
 3.23551983703202
 3.23551983703202
 3.23551983703202
 3.23551983703202
 3.23551983703202
 3.23551983703202
 3.23551983703202
 3.23551983703202
 3.23551983703202
 3.23551983703202
 3.23551983703202
 3.23551983703202
 3.23551983703202
 3.23551983703202
 3.23551983703202
 3.23551983703202
 3.23551983703202
 3.23551983703202
 3.23551983703202
 3.23551983703202
 3.23551983703202
 3.23551983703202
 3.23551983703202
 3.23551983703202
 3.23551983703202
 3.23551983703202
 3.23551983703202
 3.23551983703202
 3.23551983703202
 3.23551983703202
 3.23551983703202
 3.23551983703202
 3.23551983703202
 3.23551983703202
 3.23551983703202
 3.23551983703202
 3.23551983703202
 3.23551983703202
 3.23551983703202
 3.23551983703202
 3.23551983703202
 3.23551983703202
 3.23551983703202
 3.23551983703202
 3.23551983703202
 3.23551983703202
 3.23551983703202
 3.23551983703202
 3.23551983703202
 3.23551983703202
 3.23959493848659
 3.31258834354874
 3.43561683181139
 3.58180617997817
 3.75108854347469
 3.83211728512947
 3.91922313608156
 3.96169574803318
 4.00497853981253
 4.03104285985916
 4.04907176033976
 4.06982296030141
 4.07817841783903
 4.08509858812353
 4.09071832268377
 4.09517247304497
 4.09859589073598
 4.10112342728566
 4.1028899342174
 4.1040302630637
 4.10467926535161
 4.1049717926045
 4.1050426963567
 4.10502682812797
 4.10504372135899
 4.10504372135899
 4.10504372135899
 4.10504372135899
 4.10504372135899
 4.10504372135899
 4.10504372135899
 4.10504372135899
 4.10504372135899
 4.10504372135899
 4.10504372135899
 4.10504372135899
 4.10504372135899
 4.10504372135899
 4.10504372135899
 4.10504372135899
 4.10504372135899
 4.10504372135899
 4.10504372135899
 4.10504372135899
 4.10504372135899
 4.10504372135899
 4.10504372135899
 4.10504372135899
 4.10504372135899
 4.10504372135899
 4.10504372135899
 4.10504372135899
 4.10504372135899
 4.10504372135899
 4.10504372135899
 4.10504372135899
 4.10504372135899
 4.10504372135899
 4.10504372135899
 4.10504372135899
 4.10504372135899
 4.10504372135899
 4.10504372135899
 4.10504372135899
 4.10504372135899
 4.10504372135899
 4.10504372135899
 4.10504372135899
 4.10504372135899
 4.10504372135899
 4.10504372135899
 4.10504372135899
 4.10504372135899
 4.10504372135899
 4.10504372135899
 4.10504372135899
 4.10504372135899
 4.10504372135899
 4.10504372135899
 4.10504372135899
 4.10504372135899
 4.10504372135899
 4.10504372135899
 4.10504372135899
 4.10504372135899
 4.10504372135899
 4.10504372135899
 4.10504372135899
 4.10504372135899
 4.10504372135899
 4.10504372135899
 4.10504372135899
 4.10504372135899
 4.10504372135899
 4.10504372135899
 4.10504372135899
 4.10504372135899
 4.10504372135899
 4.10504372135899
 4.10504372135899
 4.10504372135899
 4.10504372135899
 4.10504372135899
 4.10504372135899
 4.10504372135899
 4.10504372135899
 4.10504372135899
 4.10504372135899
 4.10504372135899
 4.10504372135899
 4.10504372135899
 4.10504372135899
 4.10504372135899
 4.10504372135899
 4.10504372135899
 4.10504372135899
 4.10504372135899
 4.10504372135899
 4.10504372135899
 4.10504372135899
 4.10504372135899
 4.10504372135899
 4.10504372135899
 4.10504372135899
 4.10504372135899
 4.10504372135899
 4.10504372135899
 4.10504372135899
 4.10504372135899
 4.10504372135899
 4.10504372135899
 4.10504372135899
 4.10504372135899
 4.10504372135899
 4.10504372135899
 4.10504372135899
 4.10504372135899
 4.10504372135899
 4.10504372135899
 4.10504372135899
 4.10504372135899
 4.10504372135899
 4.10504372135899
 4.10504372135899
 4.10504372135899
 4.10504372135899
 4.10504372135899
 4.10504372135899
 4.10504372135899
 4.10504372135899
 4.08168580610727
 3.99572764307145
 3.87317185420577
 3.72097288176472
 3.58119839990395
 3.49058130873514
 3.41941110560667
 3.37005123218783
 3.33379081021075
 3.30732144173695
 3.28821200646956
 3.27389718848392
 3.26383611191513
 3.25674603582746
 3.25168172737375
 3.24763038571041
 3.24459165128608
 3.2422959159022
 3.24087792834247
 3.23970381382901
 3.23874731641649
 3.23799910533785
 3.23743421108043
 3.23702766413567
 3.2367544949941
 3.23648386414445
 3.23638136807768
 3.23632675428162
 3.2361624012486
 3.23604033846735
 3.23593172742884
 3.23588290313339
 3.23588290313339
 3.23588290313339
 3.23588290313339
 3.23588290313339
 3.23588290313339
 3.23588290313339
 3.23588290313339
 3.23588290313339
 3.23588290313339
 3.23588290313339
 3.23588290313339
 3.23588290313339
 3.23588290313339
 3.23588290313339
 3.23588290313339
 3.23588290313339
 3.23588290313339
 3.23588290313339
 3.23588290313339
 3.23588290313339
 3.23588290313339
 3.23588290313339
 3.23588290313339
 3.23588290313339
 3.23588290313339
 3.23588290313339
 3.23588290313339
 3.23588290313339
 3.23588290313339
 3.23588290313339
 3.23588290313339
 3.23588290313339
 3.23588290313339
 3.23588290313339
 3.23588290313339
 3.23588290313339
 3.23588290313339
 3.23588290313339
 3.23588290313339
 3.23588290313339
 3.23588290313339
 3.23588290313339
 3.23588290313339
 3.23588290313339
 3.23588290313339
 3.23588290313339
 3.23588290313339
 3.23588290313339
 3.23588290313339
 3.23588290313339
 3.23588290313339
 3.23588290313339
 3.23588290313339
 3.23588290313339
 3.23588290313339
 3.23588290313339
 3.23588290313339
 3.23588290313339
 3.23588290313339
 3.23588290313339
 3.23588290313339
 3.23588290313339
 3.23588290313339
 3.23588290313339
 3.23588290313339
 3.23588290313339
 3.23588290313339
 3.23588290313339
 3.23588290313339
 3.23588290313339
 3.23588290313339
 3.23588290313339
 3.23588290313339
 3.23588290313339
 3.23588290313339
 3.23588290313339
 3.23588290313339
 3.23588290313339
 3.23588290313339
 3.23588290313339
 3.23588290313339
 3.23588290313339
 3.23588290313339
 3.23588290313339
 3.23588290313339
 3.23588290313339
 3.23588290313339
 3.23588290313339
 3.23588290313339
 3.23588290313339
 3.23588290313339
 3.23588290313339
 3.23588290313339
 3.23588290313339
 3.23588290313339
 3.23588290313339
 3.23588290313339
 3.23588290313339
 3.23588290313339
 3.23588290313339
 3.23588290313339
 3.23588290313339
 3.23588290313339
 3.23588290313339
 3.23588290313339
 3.23588290313339
 3.23588290313339
 3.23588290313339
 3.23588290313339
 3.23588290313339
 3.23588290313339
 3.23588290313339
 3.23588290313339
 3.23588290313339
 3.23588290313339
 3.23588290313339
 3.23588290313339
 3.23588290313339
 3.22406447737912
 3.14445375094187
 3.02318078598529
 2.86794327272449
 2.72695339666205
 2.6266803879828
 2.55469978376424
 2.50250379693694
 2.46516311675103
 2.43815353619944
 2.41816662968587
 2.40398636687935
 2.39399291362256
 2.38609254707599
 2.38021800347897
 2.37623417449645
 2.37360087570844
 2.37150756773586
 2.37008941422935
 2.3690334710991
 2.36801403897698
 2.36724896519445
 2.36669605996576
 2.36631580270478
 2.36607134304359
 2.36592850027955
 2.36577771694146
 2.36569049777893
 2.3656518211619
 2.3655958175568
 2.36549496568793
 2.36544036931262
 2.36530727124498
 2.36517925178611
 2.36517925178611
 2.36517925178611
 2.36517925178611
 2.36517925178611
 2.36517925178611
 2.36517925178611
 2.36517925178611
 2.36517925178611
 2.36517925178611
 2.36517925178611
 2.36517925178611
 2.36517925178611
 2.36517925178611
 2.36517925178611
 2.36517925178611
 2.36517925178611
 2.36517925178611
 2.36517925178611
 2.36517925178611
 2.36517925178611
 2.36517925178611
 2.36517925178611
 2.36517925178611
 2.36517925178611
 2.36517925178611
 2.36517925178611
 2.36517925178611
 2.36517925178611
 2.36517925178611
 2.36517925178611
 2.36517925178611
 2.36517925178611
 2.36517925178611
 2.36517925178611
 2.36517925178611
 2.36517925178611
 2.36517925178611
 2.36517925178611
 2.36517925178611
 2.36517925178611
 2.36517925178611
 2.36517925178611
 2.36517925178611
 2.36517925178611
 2.36517925178611
 2.36517925178611
 2.36517925178611
 2.36517925178611
 2.36517925178611
 2.36517925178611
 2.36517925178611
 2.36517925178611
 2.36517925178611
 2.36517925178611
 2.36517925178611
 2.36517925178611
 2.36517925178611
 2.36517925178611
 2.36517925178611
 2.36517925178611
 2.36517925178611
 2.36517925178611
 2.36517925178611
 2.36517925178611
 2.36517925178611
 2.36517925178611
 2.36517925178611
 2.36517925178611
 2.36517925178611
 2.36517925178611
 2.36517925178611
 2.36517925178611
 2.36517925178611
 2.36517925178611
 2.36517925178611
 2.36517925178611
 2.36517925178611
 2.36517925178611
 2.36517925178611
 2.36517925178611
 2.36517925178611
 2.36517925178611
 2.36517925178611
 2.36517925178611
 2.36517925178611
 2.36517925178611
 2.36517925178611
 2.36517925178611
 2.36517925178611
 2.36517925178611
 2.36517925178611
 2.36517925178611
 2.36517925178611
 2.36517925178611
 2.36517925178611
 2.36517925178611
 2.36517925178611
 2.36517925178611
 2.36517925178611
 2.36517925178611
 2.36517925178611
 2.36517925178611
 2.36517925178611
 2.36517925178611
 2.36517925178611
 2.36517925178611
 2.36517925178611
 2.36517925178611
 2.36517925178611
 2.36517925178611
 2.36517925178611
 2.36517925178611
 2.36517925178611
 2.36517925178611
 2.36517925178611
 2.36517925178611
 2.35395133899443
 2.28136303767504
 2.16137303491655
 2.00701335245327
 1.85940609970015
 1.76034856819594
 1.68755772883407
 1.63495661060621
 1.59680550167242
 1.56918830699339
 1.54899877946395
 1.53448098091109
 1.52387971992229
 1.51570938562579
 1.51010494806767
 1.50591827680692
 1.50294733164138
 1.5005838899721
 1.49909841738934
 1.49780629941961
 1.49710149259772
 1.49653008661699
 1.49607288482366
 1.4957121455227
 1.495431582327
 1.49521636374993
 1.49505311361281
 1.4949299111031
 1.49483629022143
 1.49476324010175
 1.49470320538967
 1.49465008545667
 1.4945992353023
 1.49454746465199
 1.49449303853908
 1.49443567713024
 1.4943765559874
 1.49431830531103
 1.49426501092967
 1.49422503918132
 1.49420505318132
 1.49418506718132
 1.49418506718132
 1.49418506718132
 1.49418506718132
 1.49418506718132
 1.49418506718132
 1.49418506718132
 1.49418506718132
 1.49418506718132
 1.49418506718132
 1.49418506718132
 1.49418506718132
 1.49418506718132
 1.49418506718132
 1.49418506718132
 1.49418506718132
 1.49418506718132
 1.49418506718132
 1.49418506718132
 1.49418506718132
 1.49418506718132
 1.49418506718132
 1.49418506718132
 1.49418506718132
 1.49418506718132
 1.49418506718132
 1.49418506718132
 1.49418506718132
 1.49418506718132
 1.49418506718132
 1.49418506718132
 1.49418506718132
 1.49418506718132
 1.49418506718132
 1.49418506718132
 1.49418506718132
 1.49418506718132
 1.49418506718132
 1.49418506718132
 1.49418506718132
 1.49418506718132
 1.49418506718132
 1.49418506718132
 1.49418506718132
 1.49418506718132
 1.49418506718132
 1.49418506718132
 1.49418506718132
 1.49418506718132
 1.49418506718132
 1.49418506718132
 1.49418506718132
 1.49418506718132
 1.49418506718132
 1.49418506718132
 1.49418506718132
 1.49418506718132
 1.49418506718132
 1.49418506718132
 1.49418506718132
 1.49418506718132
 1.49418506718132
 1.49418506718132
 1.49418506718132
 1.49418506718132
 1.49418506718132
 1.49418506718132
 1.49418506718132
 1.49418506718132
 1.49418506718132
 1.49418506718132
 1.49418506718132
 1.49418506718132
 1.49418506718132
 1.49418506718132
 1.49418506718132
 1.49418506718132
 1.49418506718132
 1.49418506718132
 1.49418506718132
 1.49418506718132
 1.49418506718132
 1.49418506718132
 1.49418506718132
 1.49418506718132
 1.49418506718132
 1.49418506718132
 1.49418506718132
 1.49418506718132
 1.49418506718132
 1.49418506718132
 1.49418506718132
 1.49418506718132
 1.49418506718132
 1.49418506718132
 1.49418506718132
 1.49418506718132
 1.49418506718132
 1.49418506718132
 1.49418506718132
 1.49418506718132
 1.49418506718132
 1.49418506718132
 1.49418506718132
 1.49418506718132
 1.49418506718132
 1.49418506718132
 1.49418506718132
 1.49418506718132
 1.44555195568312
 1.35243653577236
 1.21752385198062
 1.07363021153992
 0.945537387165754
 0.858904263268441
 0.796579659533717
 0.749650436229214
 0.716361263653431
 0.691782554478553
 0.674361323440984
 0.660991655329128
 0.65160578854199
 0.644313146754045
 0.639383946635378
 0.635737736372591
 0.633036593010196
 0.630875965961362
 0.629457895428235
 0.628364839009009
 0.627648283436429
 0.627068868954666
 0.626606291276403
 0.626241819525603
 0.625958294316661
 0.625740129617043
 0.625573311175685
 0.625445398269221
 0.62534552172292
 0.625264385482296
 0.625194266263861
 0.625129012507387
 0.625064045889303
 0.624996360624209
 0.624924522941001
 0.624848672363441
 0.6247705204878
 0.624693351332098
 0.62462202180177
 0.624534306023241
 0.624490448523241
 0.624446591023241
 0.624446591023241
 0.624446591023241
 0.624446591023241
 0.624446591023241
 0.624446591023241
 0.624446591023241
 0.624446591023241
 0.624446591023241
 0.624446591023241
 0.624446591023241
 0.624446591023241
 0.624446591023241
 0.624446591023241
 0.624446591023241
 0.624446591023241
 0.624446591023241
 0.624446591023241
 0.624446591023241
 0.624446591023241
 0.624446591023241
 0.624446591023241
 0.624446591023241
 0.624446591023241
 0.624446591023241
 0.624446591023241
 0.624446591023241
 0.624446591023241
 0.624446591023241
 0.624446591023241
 0.624446591023241
 0.624446591023241
 0.624446591023241
 0.624446591023241
 0.624446591023241
 0.624446591023241
 0.624446591023241
 0.624446591023241
 0.624446591023241
 0.624446591023241
 0.624446591023241
 0.624446591023241
 0.624446591023241
 0.624446591023241
 0.624446591023241
 0.624446591023241
 0.624446591023241
 0.624446591023241
 0.624446591023241
 0.624446591023241
 0.624446591023241
 0.624446591023241
 0.624446591023241
 0.624446591023241
 0.624446591023241
 0.624446591023241
 0.624446591023241
 0.624446591023241
 0.624446591023241
 0.624446591023241
 0.624446591023241
 0.624446591023241
 0.624446591023241
 0.624446591023241
 0.624446591023241
 0.624446591023241
 0.624446591023241
 0.624446591023241
 0.624446591023241
 0.624446591023241
 0.624446591023241
 0.624446591023241
 0.624446591023241
 0.624446591023241
 0.624446591023241
 0.624446591023241
 0.624446591023241
 0.624446591023241
 0.624446591023241
 0.624446591023241
 0.624446591023241
 0.624446591023241
 0.624446591023241
 0.624446591023241
 0.624446591023241
 0.624446591023241
 0.624446591023241
 0.624446591023241
 0.624446591023241
 0.624446591023241
 0.624446591023241
 0.624446591023241
 0.624446591023241
 0.624446591023241
 0.624446591023241
 0.624446591023241
 0.624446591023241
 0.624446591023241
 0.624446591023241
 0.624446591023241
 0.624446591023241
 0.624446591023241
 0.624446591023241
 0.624446591023241
 0.624446591023241
 0.624446591023241
 0.624446591023241
 0.624446591023241
 0.624446591023241
 0.63897884289262
 0.714065445296165
 0.839659885612784
 0.997193189573054
 1.17937282602021
 1.38120169494562
 1.5874872581973
 1.7912069523684
 1.99850537177926
 2.25995794999716
 2.39480323173927
 2.48204419102639
 2.55085106311677
 2.59926564837285
 2.63498577529874
 2.66023972191308
 2.67941655923011
 2.693393896785
 2.70331989267655
 2.71054504944146
 2.71601454461132
 2.72006607987924
 2.72323959074505
 2.72546792407929
 2.72688580100784
 2.72823638651793
 2.72931675535794
 2.73005958845162
 2.73053226019079
 2.73113987431824
 2.73140992504154
 2.73167997576485
 2.7318807394933
 2.73199884375316
 2.73205002551303
 2.73210120727289
 2.73215238903276
 2.73220357079262
 2.73225475255248
 2.73230593431235
 2.73235711607221
 2.73240829783208
 2.73245947959194
 2.73251066135181
 2.73256184311168
 2.73261302487154
 2.73266420663141
 2.73271538839127
 2.73276657015113
 2.732817751911
 2.73286893367086
 2.73292011543073
 2.73297129719059
 2.73302247895046
 2.73307366071033
 2.73312484247019
 2.73317602423006
 2.73322720598992
 2.73327838774979
 2.73327836540419
 2.73327836540419
 2.73327836540419
 2.73327836540419
 2.73327836540419
 2.73327836540419
 2.73327836540419
 2.73327836540419
 2.73327836540419
 2.73327836540419
 2.73327836540419
 2.73327836540419
 2.73327836540419
 2.73327836540419
 2.73327836540419
 2.73327836540419
 2.73327836540419
 2.73327836540419
 2.73327836540419
 2.73327836540419
 2.73327836540419
 2.73327836540419
 2.73327836540419
 2.73327836540419
 2.73327836540419
 2.73327836540419
 2.73327836540419
 2.73327836540419
 2.73327836540419
 2.73327836540419
 2.73327836540419
 2.73327836540419
 2.73327836540419
 2.73327836540419
 2.73327836540419
 2.73327836540419
 2.73327836540419
 2.73327836540419
 2.73327836540419
 2.73327836540419
 2.73327836540419
 2.73327836540419
 2.73327836540419
 2.73327836540419
 2.73327836540419
 2.73327836540419
 2.73327836540419
 2.73327836540419
 2.73327836540419
 2.73327836540419
 2.73327836540419
 2.73327836540419
 2.73327836540419
 2.73327836540419
 2.73327836540419
 2.73327836540419
 2.73327836540419
 2.73327836540419
 2.73327836540419
 2.73327836540419
 2.73327836540419
 2.73327836540419
 2.73327836540419
 2.73327836540419
 2.73327836540419
 2.73327836540419
 2.73327836540419
 2.73327836540419
 2.73327836540419
 2.73327836540419
 2.73327836540419
 2.73327836540419
 2.73327836540419
 2.73327836540419
 2.73327836540419
 2.73327836540419
 2.73327836540419
 2.73327836540419
 2.73327836540419
 2.73327836540419
 2.73327836540419
 2.73327836540419
 2.73327836540419
 2.73327836540419
 2.73327836540419
 2.73327836540419
 2.73327836540419
 2.73327836540419
 2.73327836540419
 2.73327836540419
 2.73327836540419
 2.73327836540419
